248,1723
248,1722
248,1721
248,1720
248,1719
248,1718
248,1717
248,1716
248,1715
248,1714
248,1713
248,1712
248,1711
248,1710
248,1709
248,1708
248,1707
248,1706
248,1705
248,1704
248,1703
248,1702
248,1701
248,1700
248,1699
248,1698
248,1697
248,1696
248,1695
248,1694
248,1693
248,1692
248,1691
248,1690
248,1689
248,1688
248,1687
248,1686
248,1685
248,1684
248,1683
248,1682
248,1681
248,1680
248,1679
248,1678
248,1677
248,1676
248,1675
248,1674
248,1673
248,1672
248,1671
248,1670
248,1669
248,1668
248,1667
20,2
248,1666
248,1665
248,1664
20,1
248,1663
248,1662
248,1661
248,1660
248,1659
248,1658
20,3
248,1657
248,1656
248,1655
248,1654
248,1653
248,1652
248,1651
248,1650
248,1649
248,1648
248,1647
248,1646
248,1645
248,1644
248,1643
248,1642
248,1641
248,1640
248,1639
248,1638
248,1637
248,1636
248,1635
248,1634
248,1633
248,1632
248,1631
248,1630
248,1629
248,1628
248,1627
248,1626
248,1625
248,1624
248,1623
248,1622
248,1621
248,1620
248,1619
248,1618
248,1617
248,1616
248,1615
248,1614
248,1613
248,1612
248,1611
248,1610
248,1609
248,1608
248,1607
248,1606
248,1605
248,1604
248,1603
248,1602
248,1601
248,1600
248,1599
248,1598
248,1597
248,1596
19,2
248,1595
248,1594
248,1593
248,1592
248,1591
248,1590
248,1589
248,1588
19,1
248,1587
248,1586
248,1585
248,1584
248,1583
248,1582
248,1581
248,1580
248,1579
248,1578
248,1577
248,1576
248,1575
248,1574
248,1573
248,1572
248,1571
248,1570
248,1569
248,1568
19,3
248,1567
